1
2
4
6
9
10
11
12
15
17
18
19
21
26
29
31
34
39
41
42
45
48
49
52
53
55
57
58
59
65
66
68
69
71
72
74
77
78
81
83
84
85
86
87
88
91
92
93
95
99
100
102
104
105
106
107
108
111
112
115
116
119
122
126
128
129
132
141
142
143
145
146
147
149
151
153
154
162
164
166
172
173
175
177
179
182
183
185
186
188
189
190
192
193
199
201
203
204
205
206
207
210
212
216
219
220
224
226
229
230
233
236
238
240
243
246
253
254
256
260
261
268
270
271
273
275
277
279
280
284
286
287
289
291
295
296
298
299
302
305
306
311
312
314
315
316
317
322
324
325
327
328
330
331
332
333
335
337
338
339
340
345
347
348
352
354
355
358
360
362
364
371
372
373
374
383
384
385
386
387
390
391
392
395
398
399
401
406
408
409
410
412
413
417
418
421
424
425
426
427
428
429
431
433
434
435
440
441
443
444
446
451
452
454
456
465
466
468
469
470
472
473
477
482
483
485
486
488
490
492
494
495
496
497
500
501
502
505
509
510
511
512
513
515
516
522
524
526
528
529
530
531
532
533
534
535
537
538
539
544
547
550
551
553
557
565
566
570
571
578
579
582
586
587
589
591
594
595
596
597
598
599
600
602
605
607
611
612
613
614
616
618
619
620
621
622
623
626
627
629
630
632
633
634
636
638
640
642
643
645
646
649
650
651
653
660
661
662
664
667
668
673
675
676
677
678
679
680
681
683
690
691
693
695
696
698
701
702
703
704
705
708
709
712
713
716
719
720
721
724
726
730
731
734
736
737
743
744
749
750
751
752
753
754
757
758
759
760
762
766
767
768
770
774
775
777
778
779
781
784
785
786
788
789
791
792
793
796
797
798
804
806
811
817
822
825
828
830
831
832
834
835
838
839
842
845
851
853
854
856
857
858
860
861
862
863
864
866
867
868
871
872
874
876
877
880
881
884
885
886
887
888
889
893
895
897
898
899
902
907
911
915
918
922
924
926
927
930
931
933
934
935
937
939
940
942
943
944
946
948
949
951
954
955
956
960
962
964
966
968
970
971
976
977
978
979
982
983
984
986
990
992
994
995
996
998
999
1000
1002
1005
1006
1008
1014
1018
1022
1025
1026
1028
1030
1031
1033
1035
1036
1039
1044
1047
1048
1049
1050
1053
1055
1056
1063
1065
1066
1067
1068
1071
1074
1076
1080
1083
1084
1087
1088
1091
1094
1095
1096
1097
1098
1104
1105
1106
1107
1109
1110
1111
1112
1113
1114
1115
1120
1121
1122
1124
1125
1126
1131
1132
1134
1137
1138
1139
1141
1144
1146
1148
1149
1150
1151
1152
1154
1158
1159
1160
1162
1163
1164
1169
1171
1172
1173
1174
1175
1176
1177
1178
1179
1180
1181
1184
1185
1189
1192
1193
1199
1202
1203
1205
1208
1209
1210
1212
1215
1217
1220
1223
1224
1231
1232
1234
1236
1238
1239
1240
1241
1242
1243
1244
1247
1248
1249
1250
1252
1255
1258
1261
1262
1265
1268
1275
1277
1278
1279
1282
1283
1284
1286
1287
1288
1290
1292
1293
1294
1296
1303
1304
1306
1307
1310
1311
1312
1313
1315
1320
1322
1324
1326
1327
1330
1331
1333
1336
1340
1343
1346
1347
1348
1351
1353
1354
1356
1357
1358
1359
1360
1363
1364
1365
1370
1372
1374
1377
1378
1381
1382
1386
1388
1389
1390
1393
1395
1399
1400
1401
1404
1405
1406
1409
1411
1413
1414
1418
1419
1420
1424
1425
1427
1429
1430
1432
1433
1437
1438
1439
1440
1441
1442
1446
1447
1450
1451
1455
1456
1457
1458
1460
1461
1466
1468
1469
1470
1472
1475
1476
1477
1478
1479
1480
1483
1484
1485
1486
1487
1488
1492
1493
1495
1498
1499
1502
1503
1505
1506
1508
1509
1512
1519
1520
1521
1522
1524
1527
1528
1529
1534
1535
1538
1541
1542
1543
1544
1548
1550
1553
1557
1558
1559
1561
1562
1563
1566
1567
1572
1573
1574
1576
1581
1584
1585
1587
1588
1589
1591
1592
1594
1595
1596
1597
1599
1601
1602
1606
1607
1608
1609
1611
1612
1618
1621
1622
1623
1624
1625
1626
1632
1634
1636
1638
1639
1643
1646
1649
1650
1651
1652
1656
1658
1659
1660
1663
1664
1666
1671
1673
1674
1675
1679
1681
1683
1685
1687
1688
1690
1692
1693
1694
1697
1698
1699
1700
1701
1702
1704
1707
1709
1712
1713
1714
1715
1717
1719
1720
1723
1725
1729
1730
1732
1733
1739
1743
1744
1746
1748
1750
1751
1753
1755
1756
1763
1764
1766
1767
1770
1773
1774
1781
1784
1786
1787
1790
1791
1796
1797
1799
1800
1801
1804
1805
1806
1808
1811
1813
1814
1819
1820
1822
1823
1825
1826
1829
1831
1832
1833
1834
1835
1842
1846
1848
1852
1855
1856
1857
1859
1860
1861
1862
1863
1864
1865
1868
1869
1873
1874
1879
1882
1884
1885
1886
1887
1894
1896
1898
1899
1902
1905
1906
1907
1908
1909
1911
1914
1915
1916
1917
1918
1920
1922
1924
1926
1929
1930
1933
1934
1939
1941
1942
1947
1948
1949
1951
1955
1961
1962
1963
1964
1970
1971
1972
1973
1974
1977
1978
1979
1981
1984
1985
1987
1988
1989
1990
1991
1992
1993
1996
1998
1999
2000
2001
2004
2006
2008
2014
2015
2020
2021
2022
2023
2024
2025
2026
2027
2028
2029
2030
2031
2034
2035
2036
2037
2040
2042
2043
2045
2046
2048
2049
2051
2052
2058
2063
2064
2066
2068
2069
2070
2071
2072
2074
2076
2080
2081
2083
2087
2089
2093
2094
2096
2098
2099
2101
2104
2105
2107
2109
2111
2112
2115
2116
2117
2119
2123
2127
2129
2130
2131
2132
2135
2139
2140
2142
2144
2147
2149
2158
2159
2163
2165
2166
2168
2169
2172
2174
2176
2180
2181
2183
2184
2186
2187
2189
2191
2192
2194
2195
2196
2202
2210
2211
2214
2218
2222
2223
2227
2232
2233
2235
2236
2239
2242
2243
2244
2249
2251
2255
2256
2257
2258
2259
2260
2262
2263
2269
2273
2274
2277
2279
2280
2281
2283
2284
2285
2286
2289
2291
2295
2296
2298
2302
2306
2307
2308
2313
2314
2317
2318
2320
2321
2322
2323
2324
2325
2331
2333
2335
2337
2339
2341
2343
2344
2346
2348
2351
2352
2355
2358
2360
2365
2366
2367
2369
2370
2372
2373
2375
2376
2378
2379
2380
2381
2383
2387
2388
2391
2395
2397
2398
2399
2402
2403
2404
2405
2406
2407
2410
2412
2416
2417
2418
2419
2420
2421
2422
2423
2424
2426
2427
2428
2431
2432
2433
2436
2438
2439
2440
2444
2447
2448
2451
2452
2453
2454
2456
2457
2458
2459
2460
2461
2465
2466
2468
2470
2471
2474
2475
2476
2481
2482
2485
2489
2492
2493
2495
2498
2500
2501
2502
2503
2505
2507
2510
2511
2512
2514
2521
2523
2524
2526
2528
2529
2533
2534
2536
2543
2544
2547
2558
2561
2566
2567
2573
2574
2575
2580
2581
2583
2586
2587
2588
2591
2592
2597
2599
2601
2603
2604
2607
2614
2615
2616
2617
2618
2624
2627
2630
2632
2633
2635
2640
2641
2643
2644
2646
2647
2652
2654
2663
2664
2666
2667
2671
2673
2674
2677
2679
2680
2681
2682
2691
2692
2693
2694
2697
2699
2701
2702
2705
2706
2708
2710
2711
2712
2713
2717
2718
2719
2724
2735
2739
2740
2744
2745
2746
2747
2748
2750
2755
2757
2759
2760
2762
2764
2767
2770
2775
2776
2777
2781
2782
2783
2784
2789
2790
2791
2794
2795
2798
2801
2802
2803
2805
2807
2808
2810
2811
2814
2816
2818
2820
2822
2823
2824
2825
2826
2830
2832
2835
2837
2840
2841
2842
2844
2846
2848
2849
2850
2852
2854
2856
2857
2858
2859
2862
2869
2871
2872
2873
2875
2878
2880
2881
2885
2886
2888
2889
2891
2894
2895
2897
2898
2901
2902
2905
2906
2907
2909
2912
2913
2914
2919
2920
2921
2922
2928
2933
2934
2936
2937
2938
2939
2941
2943
2950
2951
2952
2955
2956
2958
2959
2961
2962
2963
2964
2968
2969
2971
2976
2977
2978
2979
2980
2981
2983
2986
2991
2994
2996
2997
2998
2999
3000
3001
3003
3004
3005
3006
3011
3012
3013
3014
3016
3017
3018
3019
3023
3024
3028
3029
3031
3033
3035
3036
3038
3039
3040
3044
3045
3050
3051
3055
3056
3058
3059
3064
3065
3070
3071
3072
3073
3076
3077
3078
3079
3080
3082
3083
3084
3089
3090
3095
3097
3099
3100
3111
3112
3113
3118
3119
3120
3123
3124
3125
3126
3127
3128
3129
3130
3133
3135
3136
3141
3143
3145
3148
3149
3150
3151
3153
3156
3157
3158
3159
3162
3163
3168
3169
3171
3172
3173
3174
3175
3176
3177
3180
3184
3188
3191
3192
3195
3198
3203
3204
3205
3210
3216
3220
3224
3226
3227
3228
3229
3231
3232
3233
3235
3236
3237
3238
3240
3241
3246
3249
3250
3251
3255
3257
3258
3259
3260
3261
3262
3265
3266
3268
3274
3275
3277
3278
3281
3282
3285
3286
3288
3291
3292
3293
3295
3297
3298
3304
3305
3306
3307
3308
3309
3313
3315
3319
3320
3321
3323
3324
3326
3327
3329
3330
3331
3333
3334
3335
3339
3340
3341
3343
3350
3352
3356
3357
3359
3365
3366
3367
3369
3371
3375
3378
3379
3381
3385
3387
3390
3391
3395
3397
3399
3400
3401
3404
3405
3406
3409
3418
3421
3422
3423
3424
3428
3430
3432
3433
3438
3441
3442
3446
3447
3448
3450
3451
3453
3457
3458
3464
3465
3466
3469
3470
3471
3475
3478
3481
3483
3485
3486
3490
3491
3493
3496
3497
3498
3499
3500
3501
3503
3505
3506
3507
3511
3512
3516
3518
3519
3521
3522
3523
3526
3527
3529
3531
3534
3537
3538
3540
3542
3543
3544
3547
3548
3554
3556
3564
3567
3571
3572
3573
3576
3578
3579
3580
3583
3584
3586
3588
3589
3591
3594
3595
3596
3599
3601
3603
3612
3614
3616
3619
3620
3621
3624
3626
3629
3631
3632
3637
3639
3640
3642
3643
3645
3646
3650
3652
3654
3655
3656
3658
3660
3667
3669
3671
3672
3673
3674
3676
3677
3678
3680
3682
3683
3684
3686
3688
3690
3691
3692
3693
3694
3695
3699
3706
3708
3711
3714
3715
3718
3721
3723
3724
3726
3727
3730
3731
3736
3741
3742
3745
3746
3749
3750
3751
3756
3757
3759
3760
3761
3762
3764
3765
3766
3767
3768
3769
3771
3775
3777
3786
3787
3788
3791
3793
3794
3796
3797
3800
3801
3804
3805
3806
3807
3813
3816
3817
3820
3821
3822
3825
3826
3827
3828
3829
3831
3832
3837
3838
3839
3841
3844
3851
3854
3856
3857
3865
3866
3867
3868
3869
3872
3873
3875
3876
3879
3880
3881
3884
3886
3892
3894
3897
3899
3900
3902
3904
3905
3906
3909
3911
3912
3915
3917
3918
3919
3921
3923
3926
3928
3931
3932
3935
3936
3943
3945
3947
3948
3950
3951
3952
3962
3964
3965
3967
3969
3970
3971
3972
3974
3976
3977
3978
3979
3980
3985
3987
3989
3991
3993
3994
3996
3997
3998
4000
4001
4003
4004
4007
4009
4010
4012
4014
4017
4020
4022
4033
4034
4037
4039
4041
4044
4049
4051
4052
4054
4056
4058
4059
4060
4062
4064
4065
4066
4067
4068
4069
4070
4071
4074
4077
4078
4082
4085
4086
4088
4089
4092
4095
4096
4097
4098
4099
4103
4104
4111
4112
4115
4116
4117
4118
4119
4120
4124
4125
4126
4129
4132
4134
4138
4142
4143
4144
4146
4148
4150
4151
4152
4158
4159
4161
4164
4166
4167
4168
4169
4173
4174
4176
4177
4181
4182
4183
4185
4186
4187
4188
4189
4190
4192
4193
4196
4197
4198
4200
4202
4204
4205
4206
4207
4209
4211
