000011224.1210932
000005034.1076350
000011351.1210669
000002013.1131550
000004731.1076409
000010163.1213006
000001376.1131725
000011031.fixed716
000016722.fixed480
000007749.1130433
000016449.fixed444
000004854.1053786
000001128.1075750
000001221.1075847
000018297.fixed577
000004758.1076374
000007054.1130151
000001111.1076323
000004161.1131516
000013150.1261693
000004659.1210528
000012976.fixed785
000013510.1257164
000005889.1053949
000012120.1210523
000001571.1212966
000014380.1261748
000007181.1130359
000013003.1261827
000012994.1257089
000013859.1257122
000005939.1131557
000016738.fixed493
000013116.1257202
000008963.1130489
000010918.1210795
000001121.1075814
000001979.1075738
000001793.1076039
000010121.1213032
000010154.1210822
000007058.1130119
000001748.1130539
000013636.fixed67
000004680.1075883
000006101.fixed14
000010264.1261958
000007044.1130122
000016171.fixed696
000002290.1210781
000004159.1075855
000002564.1076029
000003387.1076286
000002173.1075965
000014006.1257141
000009560.1130221
000002772.1130083
000017292.fixed1094
000007639.1210577
000009628.1130042
000001750.1259773
000010900.1212969
000003369.1076434
000012102.1261809
000009605.1213003
000017742.fixed812
000009403.1130525
000010559.1210622
000011956.fixed1052
000006080.1131591
000011200.1261839
000016295.fixed435
000002995.1076143
000010968.1257255
000004923.1131966
000013982.1257320
000003969.1075720
000010920.1210704
000005360.1076245
000017174.fixed864
000013329.1257282
000011225.1210593
000013117.1257545
000011246.1210942
000001947.1075859
000014220.1261709
000003430.1075947
000005885.1076270
000010548.fixed731
000013591.1257441
000006925.1131743
000003730.1130454
000009445.1130058
000013686.1261739
000004243.1261744
000001770.1075955
000001694.1075841
000011939.fixed720
000001969.1076115
000010298.1213043
000004660.1076468
000013251.1261625
000012037.1210711
000012886.1210860
000010865.1261933
000016371.fixed106
000003197.1261876
000004951.1076295
000001362.1075732
000004288.1213027
000004025.1130422
000013368.1257333
000017261.fixed539
000017281.fixed1060
000013905.1210646
000002030.1053854
000005703.1131535
000003004.1130330
000001546.1131928
000017265.fixed541
000010960.1257278
000004979.1076191
000009148.1213122
000014192.1261995
000009419.1130338
000002322.1213016
000015849.fixed13
000003024.1076348
000008951.1076310
000013134.1257318
000002404.1076256
000014293.1257469
000011375.1257512
000014630.fixed763
000013018.1257494
000005841.1076304
000005992.1131849
000013648.1261813
000002814.1076021
000003086.1076455
000009507.1130056
000002922.1131863
000002860.1131791
000012265.1210552
000003082.1076433
000014949.1261825
000012149.1261963
000004716.1076420
000001058.1076043
000016347.fixed222
000005576.1076167
000014794.fixed934
000016470.fixed656
000014198.1261873
000009710.1213079
000012177.1257378
000001711.1075845
000003411.1130043
000001030.1261848
000005809.1130260
000014024.1262055
000004145.1076463
000016205.fixed363
000013539.1261937
000004241.1257474
000011335.1210545
000009224.1130015
000013724.1261776
000003924.1210620
000012211.1210753
000002784.1076182
000008952.1076326
000013917.1261988
000013165.1259688
000001613.1213143
000015450.fixed46
000003201.1075970
000001549.1212975
000005780.1076196
000013130.1210668
000001182.1131623
000009368.1130537
000015122.fixed326
000013112.1261966
000017644.fixed551
000001065.1075851
000014259.1261964
000002019.fixed822
000013039.1210564
000012025.1262052
000003282.1076014
000016370.fixed259
000011977.1257387
000001302.1210574
000001367.1075806
000015074.fixed319
000009392.1130265
000007651.1213004
000007037.1131746
000003799.1130268
000002276.1076156
000001435.1075749
000011951.1210703
000006756.1053804
000003001.1076398
000009580.1130174
000001205.1076316
000009527.1130286
000016220.fixed373
000012148.1257217
000010940.1210797
000010259.1210691
000007083.1075676
000013315.1257248
000003319.1076458
000003895.1076443
000001048.1075900
000013571.1257516
000013343.1257158
000007670.1130354
000001558.1076184
000001701.1210578
000012321.1262019
000009142.1130432
000011338.1257457
000006776.1210725
000001232.1130035
000011155.1257332
000007668.1130386
000016728.fixed485
000009670.1213024
000004705.1130352
000004071.1075897
000013509.1257408
000013146.1261793
000006703.1131838
000001244.1076467
000010827.1210606
000001438.1283122
000012176.1257185
000002944.1130012
000017737.fixed791
000001827.1076437
000007005.1131779
000017652.fixed703
000012156.1261891
000005927.1131701
000001072.1076364
000014165.1259694
000012407.1210667
000001482.1075740
000002051.1053951
000011240.1257372
000001004.1076113
000005721.1210922
000013999.fixed713
000007006.1261643
000004847.1076145
000001782.1076436
000010808.1210865
000014224.1261690
000014578.1261649
000001905.1130196
000014939.fixed747
000001685.1075790
000003974.1212948
000001512.1257362
000010939.1210542
000002287.1076236
000004703.1131571
000015224.fixed157
000004714.1076253
000002598.1076123
000014153.1261897
000014979.1261621
000005085.1076193
000016273.fixed413
000006077.1257132
000001714.1075902
000006654.1130005
000014677.1261977
000014187.1261712
000012173.1257349
000002631.1075741
000001730.1257459
000015355.fixed90
000003508.1075928
000017338.fixed778
000004072.1076100
000003559.1131777
000001346.1257397
000016294.fixed434
000006114.1130329
000003809.1131594
000011055.1257462
000001513.1131954
000001565.1131700
000003221.1076157
000014318.1262057
000001516.1075727
000013254.fixed104
000004139.1075994
000001772.1075792
000013357.1257317
000002765.1076417
000006766.1131806
000001852.1075839
000004752.1076466
000001966.1076441
000009623.1130130
000015851.1261705
000017746.fixed768
000003059.1076103
000012013.1257467
000007007.fixed753
000005897.1257471
000001673.1210644
000003451.1130418
000002132.1076332
000014188.1259699
000001765.1076173
000002853.1076073
000003423.1076028
000018047.fixed573
000011277.1210888
000009239.1130379
000010735.1210881
000017747.fixed809
000002185.1075996
000013764.fixed227
000002943.1075954
000009217.1257130
000013366.1257250
000007746.1131774
000015931.fixed81
000001615.1075717
000012280.1210569
000010896.1213075
000006626.1131574
000009559.1210550
000002198.1210687
000016697.fixed455
000013282.1261994
000004285.1213110
000013147.1259606
000006778.1053712
000014868.fixed4
000002809.1131923
000012922.fixed48
000003317.1053879
000010174.1261903
000001253.1076218
000014054.1259714
000011969.1261916
000013976.1261702
000004792.1131545
000002906.1076335
000002750.1261967
000002826.1075879
000004225.1131943
000001812.1075914
000010200.1210886
000012974.1261710
000004213.1213120
000002830.1257426
000015210.fixed275
000001118.1075966
000005907.1131827
000004061.1053873
000014543.fixed795
000004786.1131888
000016263.fixed403
000014297.1257497
000003103.1075922
000005036.1076255
000004891.1130079
000001533.1210756
000006653.1130147
000013986.1261960
000013906.1210700
000015878.fixed805
000014012.1261954
000001923.1076122
000011073.fixed262
000013939.fixed56
000004759.1076327
000002414.1076151
000014791.fixed933
000007009.1131546
000010914.1212995
000011118.1210638
000011116.1210680
000014063.1257184
000002945.1261836
000005849.1076251
000003366.1075733
000012197.1257455
000006670.1131872
000013789.fixed303
000010244.1210702
000012345.1210895
000001197.1076290
000007183.1131548
000001025.1213131
000002295.1075885
000012086.1210914
000012417.1210630
000003193.1076330
000016703.fixed461
000001585.1212947
000001908.1076338
000018041.fixed572
000017216.fixed534
000004612.1076352
000004738.1076259
000009402.1130343
000014646.1259674
000010840.1210851
000004697.1076252
000016262.fixed402
000016356.fixed816
000010724.1210828
000009043.1213080
000014896.fixed228
000009661.1257123
000006710.1131717
000010233.1261996
000012291.1261789
000013008.1262042
000016209.fixed367
000001568.1076176
000016272.fixed412
000012199.1257153
000007740.1130093
000016229.fixed380
000010967.1257342
000014349.1261717
000012048.1261737
000006619.1131670
000018031.fixed566
000014641.1261806
000002219.1075877
000002773.1075903
000002253.1131832
000014436.1262047
000006804.1131958
000002834.1075915
000016215.fixed368
000010137.1212972
000014199.1261888
000004695.1130010
000011039.1210916
000003365.1075951
000003529.1130325
000004224.1076052
000013763.1262056
000005782.1131679
000010833.1212945
000012136.1262068
000014151.1257289
000009464.1130297
000006895.1053738
000005920.1131568
000005965.1131938
000012044.fixed294
000003125.1076414
000002712.1262037
000003225.1075895
000014796.fixed238
000002482.1075920
000010922.1210567
000003495.1212958
000012971.1257373
000012911.1210628
000011192.fixed658
000001621.1130247
000004709.1076180
000006760.1130215
000002081.1053820
000014305.1261749
000002370.1130350
000013109.fixed1067
000004864.1076238
000004220.1131867
000004090.1213020
000016713.fixed471
000006065.1053734
000011221.fixed189
000016407.fixed688
000013609.1257143
000014434.fixed197
000017335.fixed776
000001135.1076119
000013327.1257316
000002774.1075948
000006047.1130524
000001647.1076299
000011260.1262011
000004927.1131781
000003146.1130123
000013031.1257424
000009211.1130163
000009225.1130429
000009139.1131511
000012914.fixed724
000014533.1262028
000005928.1053871
000001579.1076370
000004676.1076360
000015461.fixed199
000002288.1130324
000007640.1210843
000012950.1257517
000004185.1076034
000012059.1210747
000001616.1076171
000001141.1075936
000010274.1210810
000005039.1076228
000012202.fixed32
000002825.1076132
000016237.fixed388
000007840.fixed1039
000016339.fixed185
000015886.fixed754
000011959.1257086
000004656.1076279
000015567.fixed951
000015447.fixed11
000015621.fixed698
000015263.fixed253
000001745.1075778
000014592.1261974
000012921.1257274
000012244.1261750
000001142.1075871
000009586.1130231
000005017.1076470
000005662.1130027
000003922.1210891
000015596.fixed693
000009592.1213114
000001808.1075826
000002396.1075884
000014356.fixed307
000009692.fixed766
000002211.1075742
000004922.1131561
000016772.fixed525
000014308.1262009
000002342.1053720
000006117.1210656
000017133.fixed734
000008964.1213057
000009766.1131885
000014902.1259658
000006666.1053751
000011290.fixed921
000008982.1131895
000016331.fixed187
000012391.1210938
000002468.1131553
000001521.1075767
000015900.fixed1042
000005834.1076478
000010690.1210650
000007693.1130373
000011330.fixed790
000011342.1261945
000009075.1212960
000002715.1076224
000004147.1130208
000009118.1131662
000005009.1257234
000009036.1130439
000009427.1131753
000001344.1075861
000012157.1210674
000003216.1075785
000014174.1262026
000005765.1210779
000002537.1259678
000013748.fixed742
000004781.1076272
000001985.1075904
000011387.1261885
000003596.1210906
000001301.1075982
000013480.1261913
000012089.1257384
000001336.1075898
000012370.1261803
000011143.fixed796
000014324.1261759
000012017.1261768
000004707.1076222
000005024.1130237
000012903.1257116
000004218.1213002
000012070.1257554
000010917.1210598
000012238.1257473
000007174.1131559
000001789.1210787
000014323.1261838
000016289.fixed429
000010948.1210864
000013984.1261687
000004736.1076315
000001401.1130254
000015616.fixed673
000013378.1261707
000003718.1257430
000006763.1130413
000009551.fixed64
000007673.1130155
000013304.1262085
000002387.1075963
000011315.1210642
000016458.fixed746
000015571.fixed818
000014440.1262033
000005938.1076475
000001386.1075775
000002064.1076346
000012960.fixed188
000008972.1131924
000013927.fixed85
000011943.fixed751
000005020.1131526
000007158.1212986
000013313.1257301
000010236.1213021
000010908.1213091
000004144.1130461
000005653.1076283
000015589.fixed718
000001659.1075988
000004215.1213063
000013472.1257496
000014897.1261771
000001228.1076081
000005971.1131880
000013588.fixed47
000003984.1261817
000016193.fixed357
000013022.fixed722
000012298.1257463
000013190.1259625
000002860.1261854
000011934.1210837
000004918.1130508
000003506.1076033
000006806.1212944
000016698.fixed456
000001098.1076016
000004650.1131819
000001151.1075997
000012337.1210847
000013082.1261805
000008193.1130029
000006879.1130118
000001352.1212998
000005948.1130006
000001247.fixed664
000006887.1210859
000010879.1213118
000001856.1075938
000001305.1075908
000003830.1131565
000001524.1210652
000013363.1257382
000007108.1075657
000011029.1210842
000001551.1075786
000003215.1131903
000006050.1131603
000013316.1257530
000016293.fixed433
000002652.1076263
000006636.1131643
000010178.1212990
000002258.1210686
000005924.1131540
000001749.1075972
000002670.1131756
000013695.1257226
000013446.1261692
000016278.fixed418
000004916.1130017
000009193.1213038
000005762.1257456
000009134.1210762
000014908.fixed640
000001196.1076040
000011250.1210962
000009463.1130442
000005835.1076274
000009556.1212974
000003453.1131706
000004747.1131840
000001170.1075761
000015073.fixed318
000002963.1210924
000001944.1130041
000014095.1261765
000017705.fixed555
000015404.fixed162
000014206.1257515
000009373.1213096
000003971.1075999
000007056.1130302
000014357.1261915
000004192.1213137
000013817.1261826
000012105.1257181
000016265.fixed405
000011273.1210643
000006020.1131655
000001763.1075809
000010191.1213045
000016415.fixed643
000010299.1212977
000006716.1131728
000001325.1131964
000007698.1130472
000013711.1261704
000007077.1075690
000010941.1213015
000001811.1131510
000013732.1261973
000001903.1261982
000001735.1076099
000015264.fixed181
000006048.1210565
000005878.1210571
000002787.fixed223
000014310.1261736
000010871.1213068
000004749.1257330
000002687.1075746
000001097.1075899
000002334.1076229
000002520.1262001
000001580.1130206
000006042.1131768
000003719.1257129
000014458.fixed132
000002793.1131616
000001203.1076359
000013088.1257541
000014093.1262065
000010723.1213082
000009188.1210720
000005737.1213059
000003452.1131788
000001939.1076169
000018032.fixed567
000013249.1257242
000017161.fixed662
000001427.1075893
000013265.1257493
000012053.1257552
000002403.1076244
000016734.fixed489
000010880.1213133
000001400.1283111
000011337.1210601
000013413.1261853
000003280.1075890
000014270.1261645
000006004.1213093
000010887.1257360
000013177.1257309
000018383.fixed580
000012299.1257532
000013189.1259705
000001089.1075745
000013786.1259647
000017781.fixed563
000001626.1212997
000015192.fixed337
000001364.1075787
000003060.1075952
000004848.1130372
000001654.1076051
000013020.1261770
000002165.1075866
000013237.1257101
000009035.1131647
000005982.1257183
000003810.1053816
000012304.1257344
000001961.1075985
000009533.1212983
000016281.fixed421
000013858.1257351
000002273.1076044
000001906.1130170
000013001.1257088
000001281.1076476
000005073.1076469
000013965.1257156
000015634.fixed638
000010181.1213135
000009127.1212993
000007836.fixed1073
000017627.fixed989
000004859.1130220
000006689.1130313
000001651.1076077
000006742.1053952
000006134.1131957
000003838.1130504
000007777.fixed894
000013523.1257293
000013994.1261822
000010962.1210614
000010832.1212946
000001332.1076408
000002605.1076071
000011207.1210834
000013613.1262008
000016712.fixed470
000017699.fixed554
000007775.fixed892
000016238.fixed389
000001535.1131625
000011080.1257266
000001534.1053739
000008999.1210531
000002159.1131556
000005846.1131690
000009198.1130535
000004890.1076329
000012014.1257540
000015948.1261778
000009152.1210880
000017760.fixed561
000002161.1053919
000014169.1261714
000004860.1076235
000015157.fixed331
000012926.fixed45
000013312.1257276
000005031.1076400
000009114.1130112
000014987.1261628
000013382.1257488
000002609.1076069
000004141.1076030
000006647.1130279
000002347.1076425
000014518.1259710
000004753.1130558
000016706.fixed464
000012034.1257115
000011388.1261713
000013386.1262017
000005638.1053718
000009131.1130199
000006762.1210733
000001917.1259718
000016277.fixed417
000005007.1130061
000007023.1261618
000002649.1131517
000005010.1262045
000002713.1076226
000009645.1210743
000006053.1131699
000014684.fixed745
000002205.1076114
000018409.fixed582
000017123.fixed762
000003287.1076025
000002806.1076060
000002952.1076047
000015604.fixed44
000014234.1262053
000017269.fixed1081
000015013.1259693
000001152.1075756
000013861.1257204
000010913.1212973
000013078.1261884
000001175.1257200
000011149.1257119
000012011.1210850
000001687.1257323
000004926.1130303
000010937.1212954
000002148.1075974
000005571.1076389
000003937.1075765
000008954.1076453
000003820.1053731
000001183.1212980
000016708.fixed466
000007856.fixed943
000004872.1076287
000004266.1076089
000005037.1076397
000002177.1076288
000007033.1212963
000015580.fixed723
000001150.1076054
000004971.1131691
000005433.1076267
000016715.fixed473
000015284.fixed53
000003188.1261983
000001726.1076111
000003970.1075941
000013988.1262018
000009528.1131530
000002162.1130335
000010303.1213054
000013605.1257295
000013447.1257523
000012285.1210827
000013385.1257538
000010710.1213087
000016325.fixed163
000014197.fixed305
000015156.fixed330
000013575.1257191
000002056.1075815
000013981.1261795
000017058.fixed529
000002829.1210902
000003812.1131844
000013454.1259657
000002897.1130312
000002446.1075774
000010993.1210918
000011086.1257227
000006635.1131865
000009241.1213050
000001294.1075823
000014587.1261896
000016285.fixed425
000012201.1210920
000016282.fixed422
000002752.1076382
000006728.1131584
000009117.1131529
000002801.1130261
000009593.1212955
000004009.1075925
000015594.fixed691
000001622.1076031
000016756.fixed510
000012012.1210839
000016203.fixed361
000005014.1130182
000002071.1210836
000003983.1130209
000012038.1210854
000010895.1210540
000006657.1053714
000004972.1131843
000013579.1261819
000016200.fixed358
000004207.1076091
000011275.1261934
000014369.fixed256
000004692.1131854
000002721.1257353
000016275.fixed415
000001390.1130382
000009003.1130128
000009494.1130280
000002833.1075980
000003475.1076147
000001555.1130135
000002341.1053910
000001350.1076005
000010719.1210885
000013457.1257108
000012999.1257231
000005953.1283116
000003496.1213035
000012001.fixed176
000006001.1131648
000009433.1130132
000014922.fixed813
000001832.1075755
000016334.fixed235
000006074.1130336
000003798.1076388
000017658.fixed697
000014793.fixed875
000006054.1257290
000001930.1210752
000015261.fixed171
000016711.fixed469
000011047.1257166
000002141.1053789
000005960.1210741
000009149.1131519
000013277.1257505
000011417.1261944
000001126.1075986
000014611.1261699
000015161.fixed41
000002563.1075860
000001530.1075882
000002027.1053924
000010102.1210529
000003442.1076242
000017220.fixed538
000015059.fixed95
000013005.1261845
000016186.fixed354
000002112.1131864
000003058.1075837
000009410.1130368
000010957.1210641
000014155.fixed252
000016177.fixed659
000001423.1076221
000005754.1131771
000013073.1257096
000002152.1130165
000001884.1076094
000013471.1257251
000002329.1075830
000013823.1261855
000011352.1257113
000015455.fixed990
000002577.1076258
000001595.1076003
000001662.1130357
000013720.1257269
000004974.1131852
000003954.1130309
000014990.1259772
000001830.1076118
000006951.1257312
000001375.1075804
000015296.fixed345
000013063.1210710
000010834.1210689
000014490.1259641
000002735.1130284
000002250.1213140
000007841.fixed1040
000014097.fixed112
000012400.1210626
000005867.1283125
000013944.fixed2
000009497.1210631
000002262.1076020
000014426.1257300
000001446.1075780
000013383.1257551
000001240.1053777
000014258.1261866
000010725.1210576
000010134.1210887
000001404.1075729
000013056.fixed969
000002319.1075743
000001934.1076306
000012069.1257537
000013809.1262038
000001520.1076266
000002082.1053885
000014132.fixed756
000015505.fixed775
000009465.1261830
000001060.1076121
000013007.1257343
000005807.1053929
000012090.1261784
000013702.1257291
000004666.1130385
000004699.1076394
000017176.fixed1044
000001334.1076230
000014271.1261742
000012184.1210648
000003171.1076314
000001379.1131813
000002125.1130222
000013107.1257252
000014232.1262091
000007681.fixed955
000006952.1130409
000002589.1076365
000004831.1076322
000004820.1212987
000016745.fixed500
000011362.1210912
000009013.1131551
000009384.fixed101
000010208.1261871
000003432.1075725
000011190.1210714
000017653.fixed704
000013826.1262022
000009085.1131755
000001011.1210950
000001556.1076063
000014303.1261923
000003668.1262000
000004633.1130011
000009215.1130407
000013355.1257310
000006052.1257144
000016414.fixed710
000013381.1257367
000010232.1212970
000005937.1210618
000002391.1075924
000010875.1261781
000010305.1257418
000005761.1257470
000009221.1130007
000014291.1262074
000011300.1257315
000016484.fixed156
000010104.1213053
000003713.1076336
000014473.1257100
000006729.1131640
000013331.1257433
000009675.1213127
000017162.fixed660
000006651.1053743
000004250.fixed650
000015258.fixed343
000002274.1076076
000008981.1130291
000014481.1261981
000002587.1053912
000012286.1257439
000001001.1053931
000004631.1131889
000002451.1130037
000003879.1075730
000015220.fixed220
000017354.fixed548
000014561.1261788
000011243.1257237
000014978.1261953
000006944.1131932
000009011.1131752
000009472.1210594
000006690.1131669
000010139.1261741
000013926.1257431
000011395.1210826
000014601.1261686
000010206.1210956
000010744.1261957
000016761.fixed514
000013801.1257440
000015176.fixed22
000001483.1283126
000014158.1261843
000010115.1210633
000004973.1131789
000002179.1076210
000001620.1261743
000002749.1257547
000002865.1075768
000003092.1076134
000001263.1076271
000006929.1130131
000013743.1261849
000018028.fixed565
000006684.1053860
000001902.1131629
000007638.1210603
000014168.1261747
000014292.1261979
000001496.1257137
000013019.1257304
000005810.1130481
000003266.1131945
000002534.1130403
000012933.1210724
000013227.1257326
000013952.1262048
000014143.1261955
000004249.fixed823
000010117.1257322
000002114.1076296
000006893.1053917
000012887.1261823
000013273.1257256
000001049.1075984
000001559.1075764
000002669.1131831
000013241.1261685
000015538.fixed119
000004645.1131766
000002038.1210647
000014883.1261831
000009383.1210664
000007182.1130363
000009432.1213083
000009413.1131600
000013393.1262023
000009767.1131637
000016223.fixed376
000001936.fixed804
000006889.1257134
000002546.1075771
000016709.fixed467
000016764.fixed517
000014565.1261779
000005596.1130225
000003732.1130495
000002372.1075793
000014980.fixed666
000009180.1131887
000006668.1130334
000006049.1131960
000003797.1076344
000010946.1210769
000003331.1075820
000004822.1076432
000009398.1213034
000009499.1210900
000013913.1257171
000010555.1257110
000001671.1053821
000002201.1130086
000013652.1261887
000014981.fixed665
000002905.1076298
000010732.1210653
000013299.1261650
000015568.fixed677
000016723.fixed481
000011369.fixed291
000001180.1075752
000011206.1210833
000015949.1261767
000007677.1130340
000017631.fixed752
000001611.1076072
000014433.1257170
000010931.1257485
000011054.1210772
000001269.1075870
000017766.fixed783
000012393.1257261
000010567.1210873
000013091.1262024
000004603.1053747
000013370.1257246
000016704.fixed462
000016490.fixed117
000001589.1076022
000005930.1131685
000008989.1131869
000014100.fixed1000
000001140.1075998
000001500.1076150
000013947.1257490
000009558.1130486
000001419.1283110
000006777.1131576
000002142.1053796
000007679.1212996
000002147.1075772
000002568.1131694
000014347.fixed306
000015850.fixed108
000017780.fixed562
000003577.1261832
000012925.fixed43
000003177.1130440
000001312.1075776
000009375.1130497
000001545.1076110
000017329.fixed801
000016716.fixed474
000012052.1257465
000001878.1076032
000013139.1210863
000001270.1130465
000013550.1261667
000016408.fixed732
000006930.1130327
000006839.1130241
000004783.1076472
000015898.fixed788
000001492.1076464
000007073.fixed284
000005716.1131599
000001278.1076000
000007177.1130564
000017353.fixed547
000009382.1210794
000012230.1257534
000002197.1257513
000010869.1210765
000012399.1210841
000006625.1131798
000002331.1075840
000004814.1131580
000014237.1262063
000013213.1257093
000012871.1257180
000016736.fixed491
000013182.fixed739
000003026.1076300
000017357.fixed550
000005918.1131765
000001779.1076243
000016501.fixed80
000013278.1259656
000001315.1130498
000013653.1261990
000011941.1257177
000006894.1053730
000003200.1076097
000006837.1130322
000006105.1257481
000013890.fixed821
000005702.1131693
000013822.1261623
000016182.fixed352
000005750.1131739
000008998.1130367
000002822.1213019
000013798.1261840
000015830.fixed74
000003438.1076250
000008974.1212967
000013619.fixed961
000007773.fixed898
000007127.1075706
000001291.1075802
000002229.1076126
000011130.1261676
000013044.1257432
000012992.1261959
000014495.1259766
000009742.1261752
000002734.1076312
000006072.1131834
000007783.fixed1074
000004790.1131967
000002939.1075939
000005763.1257232
000001432.1076127
000016700.fixed458
000009204.1131601
000014118.1262016
000014269.1261972
000013667.1261706
000009627.1130332
000001288.1075748
000017288.fixed544
000002506.1076079
000010179.1212981
000012993.1257375
000009034.1130488
000014254.1261808
000014425.1257303
000002044.1076220
000013756.1261711
000004837.1131719
000013608.1257510
000013065.1210596
000009178.1210561
000007176.1130219
000005764.1210742
000001436.1075795
000013935.1261812
000003757.1076203
000017060.fixed531
000006911.1130059
000017121.fixed682
000011355.1210909
000015862.fixed780
000016687.fixed448
000005063.1131626
000009608.1261962
000004142.1130104
000016726.fixed483
000011049.1210538
000017638.fixed794
000015123.fixed327
000005936.1131959
000012336.1257514
000003955.1130226
000002467.1131786
000018033.fixed568
000003150.1076411
000006664.1131515
000001026.1076452
000002382.1210580
000002616.1130201
000016500.fixed239
000014241.1259736
000009227.1130187
000010881.1257522
000012036.1262010
000006711.1131587
000013120.1257186
000010961.fixed96
000006863.1131589
000009733.1130554
000001481.1257208
000009676.1261938
000005068.1076383
000002751.1076200
000009372.1131749
000015259.fixed344
000005915.1053722
000010161.1210557
000012209.1259762
000004287.1213049
000006794.1053711
000003226.1130269
000004887.1261646
000001699.1130468
000009101.1130491
000006643.1213112
000003476.1076215
000014556.1261617
000003149.1076181
000013465.1262066
000012394.1257420
000011077.1210537
000010777.1213117
000003439.1075896
000015598.fixed37
000001851.1130393
000013524.1261997
000010963.1261785
000002578.1076195
000004642.1076446
000009550.fixed63
000014498.1259646
000004855.1053784
000003433.1261850
000001837.1130157
000010854.1210831
000012339.1210798
000015276.fixed18
000006808.1053880
000006801.1131649
000005799.1076278
000003973.1075857
000002437.1076448
000014887.fixed260
000003046.1131658
000004189.1075828
000008957.1076410
000014282.1262040
000003996.1257223
000001576.1075918
000002817.1076249
000016456.fixed811
000014076.fixed304
000002490.1131918
000010105.1261658
000001248.1075959
000002873.1076129
000010713.1210845
000008962.1131722
000004221.1075987
000015605.fixed654
000016246.fixed392
000003316.1053890
000012348.1210690
000006064.1131748
000005013.1130550
000007827.fixed1106
000001660.1075763
000002703.1131740
000004273.1283108
000016255.fixed395
000012135.1257389
000003837.fixed183
000009214.1130140
000006673.1053928
000005753.1131729
000005814.1131681
000001725.1076340
000009667.fixed247
000014874.1262005
000002337.1076451
000005986.1130450
000006940.1130389
000001861.1076339
000003714.1131590
000005990.1131759
000016314.fixed273
000003603.1130002
000006818.1053813
000018038.fixed570
000009228.1130183
000010126.1210852
000011164.1257292
000001397.1075799
000015003.1261976
000012928.1257098
000013995.1261889
000005025.1130362
000012401.1210581
000013829.1262054
000013639.1261867
000009182.1130193
000002898.1075919
000013543.1262002
000007151.1130047
000002655.1076212
000007643.1130228
000012159.1257146
000012408.1259624
000009216.1213001
000002869.1261906
000003897.fixed224
000001459.1076170
000001704.1075734
000013807.1262021
000014542.fixed230
000008949.1076233
000010831.1210707
000003120.1076018
000011986.1210868
000013572.1261634
000002996.1076141
000002200.1075766
000014003.1261865
000005712.1130560
000006104.1130200
000010306.1261660
000005811.1076419
000002220.1075863
000009542.1213009
000010138.1213061
000004245.fixed281
000005033.1076435
000002850.1075773
000013076.1210749
000001451.1075992
000009201.1130520
000002371.1076128
000009562.1130285
000001450.1131879
000001422.1076098
000015577.fixed350
000015828.fixed717
000010912.1261924
000014607.1262030
000014450.1261842
000001731.1076049
000015639.fixed730
000017657.fixed705
000012947.fixed808
000002494.1075850
000001649.1075973
000001929.1210930
000008976.1212976
000006650.1131956
000014160.1257212
000006034.1053823
000014613.fixed131
000013171.1257417
000011379.fixed292
000011170.1262082
000016183.fixed353
000013852.fixed128
000014078.1257528
000004234.1075991
000009678.1213066
000001787.1130232
000001487.1075942
000001059.1075968
000006062.1212962
000013585.1261644
000013626.1261883
000004216.1212989
000006789.1053878
000001769.1076133
000014534.1261852
000017324.fixed952
000016489.fixed160
000009655.1130528
000004596.1131796
000001688.fixed960
000015385.fixed129
000001488.1075891
000005999.1131541
000009150.1130538
000011090.1210563
000013061.1210830
000002849.1075737
000006797.1131697
000014223.1257197
000004281.1076377
000005803.fixed684
000012262.1257222
000001886.1076042
000016269.fixed409
000010976.1257272
000010286.1210651
000002180.1076396
000013576.1257140
000004214.1212943
000004930.1131602
000009475.1212952
000002894.1076053
000013330.1257450
000009229.1213064
000016202.fixed360
000002575.1075824
000016404.fixed440
000001794.1075867
000002645.1130296
000015016.fixed789
000016485.fixed31
000002979.1076405
000003975.1213033
000001173.1075932
000012352.1257328
000003793.1076234
000012991.1210637
000004163.1076174
000001552.1076011
000012203.1257553
000016359.fixed251
000004654.1076358
000012027.fixed792
000013077.1257345
000014121.1259633
000007666.1131714
000003199.1075946
000015542.1259727
000001965.1131816
000015541.1259640
000004219.1213074
000002301.1130475
000009177.1212957
000002271.1283117
000004773.1076185
000014516.1259611
000002059.1213100
000014608.1261760
000003704.1210757
000014150.1257451
000011134.1257403
000012198.1257216
000002384.1076153
000009555.1130521
000007852.fixed939
000004667.1076264
000001792.1131672
000013009.1262027
000003843.1262003
000014958.1261715
000011171.1261929
000004086.1213010
000010110.1261890
000012242.1257102
000014240.1257114
000015887.fixed1050
000014650.1261914
000014435.1261833
000002237.1075757
000013908.1210534
000011223.1210739
000002651.1076282
000005026.1130493
000014930.fixed182
000013425.1257324
000001354.1075844
000006652.1210824
000010546.1261756
000004830.1076138
000002310.1075803
000014134.1257354
000001120.1130527
000016245.fixed391
000006029.fixed649
000002035.1075856
000013332.1257421
000006752.1131965
000009236.1130542
000012918.1257414
000011985.1210712
000015257.fixed342
000002866.1075831
000001786.1075834
000011050.1210763
000013498.fixed114
000001734.1213036
000001874.1075818
000001801.1076017
000013864.1257145
000016266.fixed406
000004670.1076158
000003145.1130311
000003301.1262039
000011297.1261772
000012981.1261992
000004915.1076343
000016218.fixed371
000014107.1257368
000013464.1261864
000016742.fixed497
000011012.1210945
000006100.1131925
000002690.1075892
000001956.1283114
000013409.1261920
000010773.1210665
000004272.1283104
000007683.1130555
000009703.1210840
000003981.1131582
000007865.1130178
000017057.fixed528
000005966.1131848
000002882.1131723
000004286.1213078
000002878.1131732
000005981.1131913
000001762.1075722
000014523.1261902
000006819.1130292
000003173.1131939
000014505.fixed98
000005720.1210685
000013900.1210782
000010189.1210526
000001509.1076139
000002261.1076015
000012983.1210696
000002921.1131614
000001100.1075827
000011394.1210926
000013501.1257128
000001380.1076102
000013933.1261729
000014340.1261691
000013095.1261656
000003900.1076303
000003136.1283107
000004282.1212961
000004920.1130551
000016705.fixed463
000010225.1213086
000018035.fixed569
000001411.1075848
000003196.1262092
000009397.1130185
000003389.fixed678
000014252.1259683
000001154.1076055
000002336.1257258
000010263.1210682
000006743.1053729
000009549.1213129
000016256.fixed396
000002146.1130172
000002632.1075849
000001322.1075907
000002716.1076334
000002980.1076308
000003358.1131830
000010838.1210617
000001038.1075956
000007667.1257321
000011990.1261912
000017185.fixed532
000013151.1257416
000005008.1210535
000013272.1261932
000010693.1210592
000008198.1130540
000001805.1131920
000003155.1130361
000001614.fixed279
000002068.1130031
000010757.1210527
000003956.1130098
000015305.fixed191
000013342.1257472
000005931.1053940
000012356.1210612
000013156.1261807
000003189.1053842
000003852.1261810
000014588.1261968
000014493.1259660
000015295.fixed86
000005692.1210866
000010821.1210755
000012990.1210774
000006110.1130139
000001892.1076265
000002166.1075926
000013562.fixed301
000016689.fixed450
000001077.1075876
000015343.fixed140
000013830.1262072
000014348.1261792
000014085.1257241
000010817.1210815
000010565.fixed219
000001056.1075927
000013581.1261956
000014538.1261869
000012067.fixed1028
000013972.1261886
000001084.1076216
000004148.1130378
000010183.1210884
000002302.1130154
000003372.1257082
000001650.1075911
000013697.fixed302
000010230.1210715
000009158.1130246
000004190.1075945
000017702.fixed976
000009052.1130000
000012910.fixed155
000006681.1257305
000014606.1261774
000010123.1210551
000004693.1130457
000016222.fixed375
000011145.1210948
000006865.1130107
000012355.1210921
000011940.1257148
000001529.1076281
000016279.fixed419
000011359.1210729
000004026.1130283
000014122.1257265
000016268.fixed408
000014423.1257341
000014893.1259659
000012949.1257268
000006838.1130287
000001879.1076223
000003761.1130305
000013411.1261627
000006037.1131794
000005892.1130278
000013372.1257081
000009240.1130040
000015159.fixed333
000016283.fixed423
000003214.1075910
000014470.1257224
000004677.1076202
000014612.fixed706
000009534.1213088
000013951.1261969
000017743.fixed559
000004775.1131668
000003640.1075801
000010544.1210586
000002606.1075777
000012004.1257107
000003493.1213060
000017171.fixed866
000015826.1261763
000002576.1075912
000007704.fixed711
000001574.1075853
000012228.1257427
000012275.1259696
000017339.fixed777
000016763.fixed516
000001759.1130559
000017356.fixed549
000016315.fixed910
000002315.1075719
000003126.1076280
000015591.fixed65
000009444.1130484
000001803.1257213
000014243.fixed254
000001732.1131851
000006645.1131845
000002951.1076106
000001635.1283105
000001047.1076131
000011341.1261745
000013259.1259704
000012088.1210678
000009394.1257182
000006737.1131897
000013808.1262025
000001538.1075817
000005824.1076392
000014573.1261965
000001541.1075950
000012919.1257338
000004157.1283109
000006044.1130160
000010207.1257296
000006676.1053750
000013238.1257163
000013925.1261716
000016693.fixed454
000012959.1210867
000002650.1053793
000005727.1131536
000014391.1261868
000010910.fixed200
000013778.fixed195
000009070.1213136
000013989.1262089
000002014.1131929
000006691.1131696
000010938.1213104
000017740.fixed558
000017647.fixed676
000005967.1130099
000002419.1076002
000012335.1257518
000013551.1262084
000004774.1076460
000002272.1283121
000001073.1076273
000015908.1262004
000018075.fixed575
000015632.fixed726
000005223.1076401
000009174.1130293
000005784.1076227
000013736.fixed57
000003220.1076239
000002886.1075832
000017056.fixed527
000012318.1257483
000005902.1076268
000014579.1259637
000003458.1076087
000002689.1076006
000006000.1210732
000010297.1213071
000012073.fixed49
000015214.fixed100
000014524.1259721
000001897.1213046
000012003.1259626
000003794.1076403
000015581.fixed1083
000010867.1213028
000016232.fixed383
000014563.fixed646
000013176.1259753
000014666.1261688
000009620.1210933
000006970.1053745
000013111.1210621
000008980.1130339
000016710.fixed468
000013533.1261701
000006067.1262073
000012252.1210944
000016259.fixed399
000013795.fixed243
000009642.1257404
000010761.1210928
000005850.1076190
000010721.fixed672
000015254.fixed225
000006909.1130490
000003842.1213101
000018027.fixed564
000003154.1130494
000001833.1053836
000006901.1261791
000009677.fixed209
000003849.1261641
000016258.fixed398
000013045.1257460
000013521.1261942
000001171.1076095
000001907.1053898
000007645.1131721
000012162.fixed651
000004284.1213139
000003841.1210874
000011276.1210800
000002481.1076124
000013554.1257334
000014909.1259645
000013430.1257402
000004636.1076424
000013226.1257443
000009202.1130243
000016714.fixed472
000005019.1131737
000002420.1210726
000017218.fixed536
000017287.fixed543
000004691.1076159
000012158.1257142
000005228.1130467
000007823.fixed1102
000001008.1075990
000013384.1257499
000001079.1131588
000009430.1131811
000015158.fixed332
000010981.1210735
000014571.1261657
000006864.1131891
000002171.1130530
000001756.1075979
000010905.1261674
000001747.1075724
000012099.1210760
000009446.fixed799
000005880.1130319
000009222.1130456
000011942.1257131
000016206.fixed364
000002503.1076368
000002183.1130360
000004641.1076399
000001632.1075874
000013595.1257193
000006910.1130300
000002028.1053812
000005804.1210662
000009009.1131712
000013433.1261682
000001597.1076041
000006900.1257257
000001374.1076462
000002157.1131567
000013937.1261834
000003880.1075842
000008959a.1130545
000015172.fixed3
000002257.1210935
000009618.1257366
000001099.1076045
000013441.1261669
000006120.1130317
000011238.1261946
000006685.1053901
000010901.1213102
000012066.1257466
000005767.1210750
000013217.1257468
000004651.1131564
000011378.fixed687
000012061.1210599
000001192.1075714
000017750.fixed786
000014392.1257454
000016316.fixed130
000010843.1210560
000013239.1262076
000010919.1210882
000013714.1262087
000017700.fixed708
000010120.1210802
000012212.1210952
000010285.1210539
000001042.1076459
000012134.1261698
000013017.1257192
000004813.1131936
000006035.1130448
000001046.1075758
000016353.fixed75
000006826.1213098
000001544.1130299
000006850.1131613
000002050.1076426
000003982.1131780
000013586.1261700
000009583.1130517
000003382.1261697
000010720.1210546
000010903.fixed180
000006943.1131820
000004011.1075759
000003168.1131618
000012388.1210761
000002304.1075713
000004858.1076164
000014161.1257273
000016187.fixed355
000006802.1131875
000005553.1131810
000006009.1053723
000003795.1076262
000006071.1131708
000001499.1076418
000001031.1075810
000001327.1213030
000002656.1076186
000002803.1257297
000003851.1262086
000006796.1131656
000009386.1130290
000005454.1131868
000002498.1131632
000013131.fixed749
000005914.1257189
000014593.1259719
000002005.1130400
000014877.fixed807
000001252.1076247
000011018.1257161
000002971.1076211
000013832.1261947
000013903.1210718
000012154.1210908
000003649.1213144
000006757.1053947
000013735.fixed33
000003130.1212999
000017282.fixed1018
000004719.1210736
000014790.1261993
000004821.1213081
000009210.1130218
000002863.1075873
000004818.1076391
000002819.1076009
000016296.fixed436
000014327.1261672
000011291.1261662
000012054.1257084
000015155.fixed206
000001391.1130053
000001317.1075937
000013328.1257337
000014447.1261719
000004613.1131734
000007825.fixed1104
000009606.1130266
000009231.1130348
000010916.1210939
000010759.fixed287
000002883.1076125
000009160.1210658
000002443.1075906
000003063.1131596
000002911.1130116
000001842.1076007
000016201.fixed359
000006733.1131770
000001069.1130076
000017163.fixed661
000014334.1261721
000013306.1261751
000011295.1210697
000014937.1261863
000017330.fixed689
000014111.1261892
000002222.1283124
000005012.1210853
000013783.1259622
000013174.1257461
000017273.fixed671
000003169.1283112
000017328.fixed800
000013055.fixed798
000008949.1076209
000002588.1053708
000014986.1261907
000003729.1130344
000011103.1210615
000012085.1257127
000004787.1131664
000004652.1076357
000010936.1213013
000001282.1212979
000011072.fixed190
000013258.1257415
000009566.1130281
000012072.fixed50
000006899.1257448
000003593.1210654
000014236.1262095
000016227.fixed379
000016233.fixed384
000006926.1131764
000015833.fixed1085
000013453.1261762
000014018.1261951
000015607.fixed655
000001978.1075913
000010947.1210532
000005957.1130025
000004796.1076168
000011302.1210754
000004222.1076082
000003078.1259627
000014873.1262070
000004040.1075929
000011262.1257380
000001275.1075779
000011949.1259675
000006795.1053877
000009648.1210607
000001631.1130443
000001646.1213145
000012226.1210883
000012065.1257508
000013257.1261724
000002739.1075865
000004744.1262044
000003172.1131644
000002831.1131862
000009166.1261881
000001225.1076080
000008959b.1130464
000001299.1283119
000006741.1131842
000002777.1076105
000002350.1130144
000002435.1130295
000001255.1076444
000016721.fixed479
000012155.1210635
000015194.fixed339
000014880.fixed820
000007663.1130288
000001209.1076406
000013828.1261638
000009644.1130259
000016226.fixed378
000002079.1130001
000010807B.1212956
000010748.1259654
000002052.1053728
000006060.fixed178
000018065.fixed667
000006803.1131961
000006735.1261851
000003716.1131747
000001911.1076144
000016239.fixed390
000006135.1131744
000004640.1076225
000009015.1130431
000007172.1213042
000010712.1210967
000001062.1131940
000014629.1259681
000014208.1261824
000013529.1261720
000011069.1261918
000004886.1261777
000005900.1131953
000003083.1130159
000002063.1131894
000003279.1076292
000010147.1210958
000005887.1131750
000014330.1261725
000008990.1130146
000009530.1131866
000012253.1257411
000013704.1261681
000005848.1210611
000002145.1257167
000005805.1130034
000002450.1131907
000015297.fixed346
000004734.1283118
000009596.1130213
000015587.fixed719
000013821.1261727
000004894.1130072
000008204.1130101
000004294.1131799
000008957.1076366
000005954.1076427
000010111.1210737
000009529.1131825
000003137.1131850
000014222.1257399
000012912.1210876
000012231.1210717
000009447.1212953
000006809.1053726
000009091.1261821
000006040.1210813
000015124.fixed328
000009715.1130275
000001862.1131790
000014468.1261689
000018029.fixed642
000012016.1210892
000009425.1213094
000009132.1261754
000002885.1075800
000002466.1076088
000002709.1076342
000007053.1130145
000002893.1075782
000013526.1261999
000016235.fixed386
000015190.fixed335
000006634.1131683
000017173.fixed865
000010249.1261875
000014172.1261811
000010228.1210568
000001155.1075796
000009443.1212988
000009449.1130177
000005168.1283129
000005790.1131563
000013023.fixed721
000015912.fixed40
000015999.fixed669
000013953.1261856
000002807.1131531
000001583.1076093
000016717.fixed475
000009624.1131870
000004055.1210927
000011162.1262051
000003952.1131742
000013285.1257124
000006888.1257436
000013831.1261925
000013779.1261647
000003715.1131946
000010945.1210533
000002281.1131757
000013054.fixed878
000015855.fixed113
000007697.1210559
000001243.1053840
000013353.1257437
000004819.1076407
000017651.fixed702
000017667.fixed553
000001193.1076477
000004076.1131909
000009102.1130180
000014792.fixed931
000013458.1259703
000001504.1075868
000006973.1130264
000011322.1257196
000002067.1075762
000015256.fixed341
000010231.1213111
000013369.1257150
000010211.1210968
000013062.1257162
000011163.1261635
000010714.1210522
000011017.fixed66
000014430.fixed770
000012984.1261991
000014569.1261670
000013530.1257476
000016291.fixed431
000009621.1130016
000004881.1076347
000001328.1076289
000007139.1131933
000004812.1076384
000014605.1259700
000003533.1075751
000016762.fixed515
000001835.1075812
000016208.fixed366
000004797.1076177
000006941.1210553
000013431.1257155
000014183.1262081
000009721.1212978
000004223.1075735
000009686.1213141
000001543.1075783
000016369.fixed17
000006628.1130519
000013733.1259774
000006125.1130251
000012005.1257442
000001194.1075909
000002625.1076001
000011935.1210721
000002348.1076160
000009552.1130370
000002160.1130381
000004618.1131914
000009218.1213115
000004694.1076305
000004721.1131620
000017632.fixed759
000001156.1130156
000016433.fixed443
000010873.1210694
000009640.1130267
000006915.1213116
000016260.fixed400
000013755.1257348
000012913.1261642
000013690.fixed701
000002349.1075894
000013397.1261735
000011269.1210536
000011119.1210964
000014548.fixed233
000003594.1210959
000013780.1262059
000001919.1076369
000016292.fixed432
000013231.1257352
000012030.1257401
000013392.1261986
000010807A.1213077
000003337.1076412
000013214.1257327
000014344.1262020
000014279.fixed645
000010816.1210936
000002346.1076208
000006026.1131720
000009098.1130194
000015907.fixed657
000012055.1210740
000001384.1076438
000001032.1075935
000011390.1257350
000003160.1261941
000014680.1259612
000012248.fixed743
000004980.1076442
000001028.1213128
000017756.fixed560
000015623.fixed351
000005080.1076430
000001764.1075760
000007171.1213119
000014311.1261787
000015553.fixed837
000002590.1076161
000006717.1131775
000011244.1261894
000014077.1259619
000010978.1210627
000016691.fixed452
000003578.1261616
000012923.1261619
000006021.1131660
000013108.fixed1066
000002176.1130171
000016735.fixed490
000002369.1053841
000010921.1210966
000006017.1210579
000011925.1210566
000010845.1262034
000006030.1053830
000001493.1130567
000002282.1130036
000007637.1210548
000013584.1257195
000009108.1131673
000005697.1130074
000009734.1130085
000014309.1261899
000002244.1076101
000017219.fixed537
000003923.1210616
000017352.fixed772
000006694.1131921
000010839.1213095
000001940.1076285
000013048.1210640
000016729.fixed486
000011389.1257491
000003579.1261987
000011181.1210748
000016355.fixed819
000009457.1130091
000016685.fixed446
000014503.1259655
000013301.1257120
000014876.fixed249
000005016.1076421
000005770.1130024
000013440.1261927
000001360.1257329
000013286.1261624
000015584.fixed152
000005756.1076293
000013420.1257087
000010692.1213092
000013049.1210585
000005989.1131512
000002997.1130430
000002389.1076456
000010184.1210857
000014872.1259679
000014594.1259618
000009526.1131937
000015262.fixed167
000014064.1261696
000005945.1076471
000015185.fixed148
000010304.1210583
000012229.1257080
000002060.1213065
000010099.1210572
000008950.1076198
000012351.1257394
000011070.1261841
000016432.fixed442
000011376.1257313
000005713.1131815
000013281.1261694
000014306.1257347
000016731.fixed488
000016247.fixed393
000004737.1076217
000016354.fixed735
000001802.1075921
000016309.fixed681
000011409.1257422
000006014.1210672
000006675.1130181
000011265.fixed61
000001311.1075813
000012369.1257168
000009144.1130476
000013960.1261930
000001684.1076429
000001116.1075711
000016333.fixed760
000006661.1131908
000001870.1212959
000009495.1130019
000006106.1131754
000007845.fixed1036
000004679.1130106
000001127.1131821
000009671.1212949
000015613.fixed1089
000016720.fixed478
000013208.1257314
000014888.1261632
000013215.1257383
000011035.1210849
000004793.1131586
000007750.fixed964
000012962.1210716
000002023.1130272
000018076.fixed576
000011154.1210623
000006702.1131544
000013928.1261780
000013250.1257489
000009021.1130097
000001799.1131949
000012035.1257215
000014209.1261940
000013618.fixed715
000002126.1130242
000012381.1210723
000006761.1130531
000010129.1262012
000009151.1210604
000016236.fixed387
000009020.1257157
000012113.1257271
000010169.1210649
000001441.1213056
000014233.1262090
000003532.1130480
000002458.1130095
000005554.1076439
000007120.1075677
000001590.1130513
000002607.1075716
000001854.1075977
000012164.fixed297
000016730.fixed487
000013195.1257154
000003240.1076241
000005757.1130216
000017636.fixed757
000007700.1130337
000004191.1075978
000013848.1262058
000003731.1130451
000005686.1053891
000013945.fixed917
000015004.1261766
000001398.1076066
000010162.1213007
000003386.1210846
000003580.1261755
000013114.1210521
000012951.1257159
000002100.1131761
000002151.1076046
000002859.1075875
000004611.1130245
000003473.1076353
000007728.1131896
000016313.fixed707
000016280.fixed420
000013305.fixed299
000010894.1210547
000011329.1210896
000009164.1210823
000014681.1259631
000017205.fixed1009
000007675.1131847
000002781.1075822
000005792.1076331
000013701.fixed648
000005916.1076402
000010715.1210954
000010170.1210738
000013295.1261905
000009473.1210745
000003549.1130048
000013178.1257511
000002736.1076008
000016737.fixed492
000011259.1210744
000016323.fixed158
000002111.1131695
000013274.1257280
000016686.fixed447
000004278.1130347
000015925.fixed996
000002321.1213070
000002042.1076023
000005910.1076232
000005851.fixed282
000013053.fixed236
000003891.1131675
000002637.1075872
000006078.1131730
000017276.fixed542
000013103.1210675
000014795.fixed869
000015910.fixed34
000002230.1075747
000013587.fixed266
000016297.fixed437
000001321.1131558
000015075.fixed320
000004625.1210901
000006688.1131539
000010822.1210961
000012112.fixed295
000006111.1210671
000003505.1076058
000013138.1210825
000012920.1257267
000001022.1130548
000016192.fixed356
000017349.fixed806
000007719.1261802
000004815.1213107
000016725.fixed482
000016207.fixed365
000016231.fixed382
000001955.1075736
000006098.1131577
000010136.1212950
000005987.1130375
000016766.fixed519
000014280.fixed750
000011368.fixed290
000010758.fixed286
000001712.fixed20
000001751.1075854
000004616.1076325
000010125.1210861
000009660.1257392
000015299.fixed348
000012963.1210657
000013758.1261668
000001713.1076135
000013118.1257203
000004158.1075971
000016224.fixed377
000013047.1257495
000014365.1261629
000005768.1130164
000003666.1076026
000001174.1076024
000016699.fixed457
000006665.1131906
000009434.1130371
000003921.1210660
000006027.1262013
000005801.fixed686
000016405.fixed741
000010186.1257302
000003350.1131718
000015065.fixed267
000014102.1257407
000018311.fixed579
000009128.1213008
000009061.1130062
000008991.1257219
000009483.1130256
000003388.fixed679
000011358.1210819
000002359.1075943
000011193.1259720
000007068.1131773
000003364.1076059
000009019.1257095
000016719.fixed477
000014566.fixed21
000011301.1261636
000011142.1210639
000007734.1131715
000011071.1261818
000004265.1075958
000013540.1261633
000007178.1130563
000005845.1131883
000010925.1212984
000016707.fixed465
000002567.1130387
000006912.1131585
000010198.1210929
000005015.1076318
000001216.1075960
000016271.fixed411
000016769.fixed522
000002457.1130298
000002452.1130459
000015627.fixed699
000001630.1130004
000007650.1213058
000001575.1075981
000016221.fixed374
000012946.fixed250
000007732.1131532
000010979.1259748
000008954.1076321
000001570.1076416
000012163.fixed296
000014520.1259778
000003703.1076117
000002208.1076206
000008952.1076175
000009230.1130075
000008201.1130365
000012284.fixed298
000009705.1130455
000003426.1131716
000016340.fixed787
000014933.fixed310
000009175.1213072
000016759.fixed512
000001020.1262078
000009400.1262093
000012310.1257507
000001234.fixed278
000005840.1076354
000006715.1131688
000002489.1131666
000013119.1257527
000001678.1075807
000012996.1210858
000001676.1076404
000016740.fixed495
000012092.1257275
000001797.1075964
000002972.1076373
000005293.1076162
000006092.1130253
000010870.fixed149
000009141.1130514
000005802.fixed683
000005776.1076333
000009535.1131619
000009613.1213018
000002619.1130069
000005825.1076380
000011962.1210731
000013573.1257423
000004289.1213106
000010112.1210808
000013359.1261800
000014289.1262007
000013734.1261796
000006637.1131735
000005929.1053758
000013563.1261731
000002243.1076078
000003951.1075712
000007157.1213017
000013167.1210791
000014568.fixed70
000011955.fixed1053
000009219.1210588
000014397.fixed276
000010984.1210816
000017204.fixed1010
000001208.1131782
000016488.fixed30
000011053.1261678
000003023.1076351
000015638.fixed729
000016467.fixed675
000014682.fixed177
000003147.1130543
000014572.fixed58
000001410.1130108
000011357.1257106
000013902.1210869
000011964.1210619
000016688.fixed449
000016009.fixed978
000009607.1130045
000009022.1130437
000013218.1261878
000014358.1261814
000016284.fixed424
000004811.1076450
000003370.1076149
000002202.1130392
000011063.fixed229
000008951.1076146
000010737.1257104
000002783.1076422
000003002.1076454
000006726.1053805
000001960.1076155
000002199.1075940
000003898.fixed234
000016701.fixed459
000001860.1076085
000015575.fixed814
000007022.1262049
000011997.1257371
000016409.fixed733
000004833.1076385
000001548.1075923
000009684.1130374
000011298.1210862
000003850.1262071
000004985.1131745
000003531.1130420
000007039.1131853
000010229.1210805
000001405.1076109
000013703.fixed27
000017175.fixed1046
000010734.1210856
000005660.1076378
000014182.1261783
000010876.1213040
000015940.1261651
000001218.1075754
000006680.1257085
000009366.1213037
000002529.1130411
000010906.1261872
000018302.fixed578
000005973.1213047
000002871.1076038
000014296.1257498
000001780.1213073
000013689.1259635
000015599.fixed690
000011993.1257379
000001804.1212968
000016288.fixed428
000003760.1210890
000011022.1257335
000014126.1261935
000006084.1130445
000016760.fixed513
000016405.fixed1003
000016217.fixed370
000001887.1076214
000003811.1053950
000003281.1075835
000010173.1261733
000001231.1076067
000012185.1210897
000003494.1213142
000005263.1283120
000002492.1131741
000009405.1210817
000015624.fixed700
000014451.1261880
000016401.fixed438
000009455.1130195
000003390.fixed744
000004917.1076276
000012051.1257152
000013541.1257173
000010783.fixed288
000013201.1257544
000001286.1076166
000017213.fixed994
000003602.1076179
000016739.fixed494
000013010.1257205
000001705.1076050
000001594.1076395
000013412.1257477
000009476.1213012
000013081.1210582
000001267.1076341
000013772.1259690
000013157.fixed925
000016276.fixed416
000016499.fixed124
000011312.1210778
000001331.1076387
000014364.1261980
000009094.1130546
000009080.1130421
000002087.1075858
000009693.fixed765
000010797.fixed639
000009157.1130469
000004735.1076261
000011202.fixed825
000004226.1131698
000007057.1130394
000001265.1130404
000001948.1075869
000006927.1131555
000010192.1212982
000005238.1076291
000004878.1131665
000001109.1075852
000011036.1210878
000003796.1076381
000013164.fixed857
000007754.fixed856
000016261.fixed401
000012932.fixed79
000006949.1131776
000005893.1131687
000010909.1261870
000011168.1257279
000013912.1257083
000012227.1210595
000001002.1076104
000005983.1131709
000012985.1257125
000017327.fixed993
000015329.fixed194
000015856.fixed695
000012028.fixed784
000001363.1075838
000017215.fixed533
000013159.1261928
000013234.1262041
000002073.1076324
000001528.1075962
000013532.1257500
000016690.fixed451
000011235.1257187
000015881.fixed159
000011160.fixed289
000001351.1257220
000018039.fixed571
000009140.1130364
000002444.1075784
000009213.1130424
000014892.1262043
000009033.1130345
000011093.1257172
000016741.fixed496
000007736.1130149
000002472.1130355
000002884.1076068
000010205.1257452
000013133.1257361
000013923.fixed83
000009601.1130258
000006671.1210751
000001605.1257298
000002818.1076355
000014752.1259707
000017262.fixed540
000012007.1257306
000005839.1131898
000006931.1130310
000007745.1130227
000002711.1261740
000002851.1076309
000018045.fixed782
000012418.1210549
000010885.1213105
000016727.fixed484
000003047.1076096
000008955.1131523
000005997.1131572
000001895.1131608
000004160.1075805
000004929.1130377
000013604.1257458
000017177.fixed861
000014290.1262083
000002965.1131607
000014552.fixed261
000001115.1076083
000011165.1261684
000007104.1075680
000013730.1259722
000002946.1210955
000016234.fixed385
000003222.1076413
000001067.1075811
000005655.1076197
000002036.1076165
000009498.1210875
000005844.1131797
000004075.1075731
000006714.1131841
000011982.1257198
000003972.1075791
000005884.1076431
000001130.1076092
000002597.1076012
000002072.1261648
000015300.fixed349
000003062.1130054
000014019.1262014
000004726.1283113
000015265.fixed257
000003303.1262050
000004730.1076349
000004836.1131522
000001347.1076248
000014797.fixed802
000010252.1210789
000004290.1212971
000013334.1261671
000010848.1210558
000015873.1261675
000008982.1130186
000011172.1210786
000009355.1130197
000009097.1130094
000015099.fixed324
000016770.fixed523
000012182.1210957
000004077.1257447
000016267.fixed407
000013655.1261804
000014071.1261708
000001755.1075846
000003090.1130013
000009541.1212994
000014488.1259765
000014090.1259687
000016204.fixed362
000014591.1261948
000001645.1075976
000013155.1261631
000015854.fixed25
000004765.1131661
000001078.1075961
000003003.1130399
000004823.1076277
000006807.1213039
000013920.1261738
000014879.fixed983
000016174.fixed692
000004629.1257486
000010864.1261949
000016248.fixed394
000016491.fixed116
000011204.1257149
000016718.fixed476
000015636.fixed725
000015901.fixed1043
000004806.1210783
000017122.fixed761
000010116.1257405
000001826.1075728
000001353.1075797
000001187.1262006
000001669.1075769
000013196.1257521
000015097.fixed322
000015874.fixed803
000006993.1131915
000017217.fixed535
000010776.1213099
000006976.1130125
000011191.1261703
000009197.1210925
000003161.1257536
000004283.1213125
000001408.1213048
000016684.fixed445
000010738.1257165
000007184.1131592
000002581.1130214
000009353.1053930
000001377.1075825
000012975.1257277
000002710.1076275
000014212.1259686
000001922.1076319
000014899.1261909
000003536.1076112
000013527.1257340
000007792.fixed1100
000003595.1210893
000002810.1130515
000003048.1075949
000002471.1075930
000016216.fixed369
000010556.1210775
000012964.1210719
000001600.1130271
000002043.1076297
000003538.1131634
000016752.fixed507
000004039.1075833
000007664.1130419
000009105.1210683
000009659.1283128
000007770.fixed932
000001285.1075917
000006678.1131726
000012303.1257381
000014551.1261653
000010765.1210903
000001256.1075816
000001702.fixed280
000011945.1210562
000003079.1130565
000010135.1213026
000002475.1076473
000001531.1075821
000013794.1257201
000012988.1257099
000014560.1261622
000013166.1259737
000002184.1131892
000003175.1131611
000006007.1130105
000016287.fixed427
000017708.fixed556
000003800.1213089
000003091.1075905
000016166.fixed670
000007180.1130518
000014929.1259639
000013290.1257126
000015040.fixed315
000003028.1075993
000015394.fixed214
000005791.1131521
000013417.1261882
000002970.1210784
000014317.1261861
000016767.fixed520
000015096.fixed321
000002330.1075836
000014502.1259617
000010898.1257117
000005903.1076379
000001572.1076205
000010852.1210907
000010746.1257136
000003032.1075989
000009626.1130204
000005163.1076142
000014294.1259671
000002638.1076084
000002345.1076192
000013410.1262046
000009179.1210759
000003284.1261728
000011220.1257386
000010098.1210796
000009090.1130333
000002802.1130238
000004807.1076183
000007072.fixed283
000002465.1076284
000013129.1210949
000016257.fixed397
000004162.1130570
000013610.1257449
000006641.1053782
000006113.1053799
000016702.fixed460
000001661.1075770
000003896.1130192
000007756.fixed958
000012987.fixed709
000009385.1130395
000001333.1076035
000002511.1130176
000014399.1261726
000005870.1130485
000009004.1130263
000001980.1075916
000016749.fixed504
000003507.1075887
000002418.b.1283123
000011334.fixed218
000015071.fixed316
000007641.1130055
000001044.fixed904
000001497.1261680
000010282.1261908
000001962.1075789
000011416.1257542
000015191.fixed336
000006620.1131917
000016274.fixed414
000013079.1257121
000009532.1131678
000006800.1131570
000014424.1257363
000001189.1076064
000014162.1257339
000011214.1210879
000015865.fixed203
000006805.1130509
000001284.1075931
000003424.1210570
000016457.fixed810
000015899.fixed755
000013900.1261898
000011350.1257480
000002545.1075975
000001652.1076108
000004880.1053936
000016773.fixed526
000017202.fixed1077
000013089.1257370
000010893.1213052
000016344.fixed221
000017664.fixed644
000005648.1076376
000016264.fixed404
000014295.1257151
000014164.1262035
000001399.1075739
000013216.1261860
000013387.1259650
000002186.1076004
000007782.fixed900
000017295.fixed546
000004242.fixed271
000002020.1053858
000004018.1210584
000002811.1210844
000007779.fixed902
000002538.1259651
000006841.1130169
000004686.1076302
000011324.fixed255
000016757.fixed511
000013336.fixed174
000002782.1075944
000003061.1130064
000007794.fixed1099
000003057.1259702
000013233.1257429
000002175.1130416
000013750.1261637
000010172.1261961
000018081.fixed758
000012043.fixed293
000007680.1213005
000001618.1131787
000013222.1257270
000014540.1261926
000003170.1283115
000004267.1075788
000004888.fixed694
000016754.fixed508
000003300.1075886
000002099.1131524
000009126.1130414
000013424.1257190
000005738.1130478
000004602.1130434
000014917.1261661
000012254.1257135
000017208.fixed815
000011973.1259745
000013633.1259609
000005771.1130120
000010561.1210676
000004952.1076199
000002109.1076061
000007778.fixed901
000002683.1075995
000012948.1210894
000006631.1130511
000018390.fixed581
000007729.1131778
000016765.fixed518
000015072.fixed317
000015098.fixed323
000013827.1261620
000001086.1076130
000001378.1053850
000012116.1210673
000013135.1257284
000006662.1131579
000002805.1075880
000009111.1131950
000014379.1262029
000004187.1130137
000016755.fixed509
000009685.1130315
000013971.1261761
000016179.fixed107
000010956.1210771
000011040.1210600
000002172.1053857
000002958.1131837
000009195.1210706
000013765.1261639
000009612.1213134
000015977.fixed274
000016270.fixed410
000012936.1210931
000014320.1261978
000016230.fixed381
000008983.1130249
000016692.fixed453
000005974.1261673
000013074.1257336
000005725.1131948
000003537.1131639
000011111.1210792
000018066.fixed574
000007678.1131860
000014637.1261797
000009496.1259684
000008950.1076415
000015867.fixed205
000007118.1075682
000009567.1130252
000017294.fixed545
000013427.1257531
000001658.1075889
000012122.fixed748
000007748.1130523
000003717.1257229
000003277.1076480
000013511.1257502
000009129.1130217
000003022.1076269
000013026.1257147
000001184.1131760
000007688.1130544
000012152.1210963
000012315.1210602
000016768.fixed521
000017291.fixed1054
000005766.1210661
000002969.1210524
000010874.1210701
000001820.fixed712
000016498.fixed125
000005035.1076188
000003088.1130398
000001540.1213103
000005041.1130541
000016290.fixed430
000012276.1210773
000006942.1131824
000016360.fixed111
000003093.1075794
000013253.1257406
000015346.fixed136
000013296.fixed213
000009074.1213041
000002418.1283127
000007179.1261730
